59.91894328744045
59.9208472280025
59.8890179095842
59.89266119100485
59.90902493893645
59.9017541535387
59.8928951104435
59.9013428663700
59.90502967565535
59.8969668817241
59.8970637752743
59.9037052920614
59.9010090084495
59.8964018804993
59.9005835471596
59.9029264994057
59.898281006369
59.89809165523984
59.9023371137588
59.9007590425156
59.89755471662484
59.90032539251562
59.9021137692160
59.8988129986941
59.8985376392721
59.901720984155
59.9006406870190
59.8981160145885
59.9001946719398
59.90169403564808
59.8990971687239
59.8987778190146
59.9013777128806
59.90057719270869
59.89843903520165
59.9001141956562
59.9014470409617
59.8992715506341
59.89891997580631
59.9011645862542
59.9005430360170
59.89864111467526
59.9000578238148
59.90129290759967
59.8993877087721
59.8990061222603
59.9010244518136
59.900527686884
59.89877195447916
59.9000140801254
59.9011962455935
59.89946920724520
59.89905546339214
59.9009302813919
59.90052645295866
59.8988556750932
59.8999769106452
59.90113963782561
59.89952827749796
59.8990773400381
59.90086801467036
59.9005374936815
59.898904736318
59.8999425344670
59.90111436703162
59.8995718282429
59.8990759399882
59.9008300992464
59.90056075715461
59.8989253447527
59.8999081000541
59.90111676590423
59.8996039699750
59.8990520975046
59.9008127894347
59.9005977168710
59.8989196477487
59.8998709408308
59.90114687530504
59.8996271853655
59.8990037416999
59.9008150621911
59.9006516227853
59.898886371078
59.8998279680817
59.9012084150490
59.8996428913802
59.8989253659439
59.9008384682467
59.9007283495719
59.8988203022009
59.8997748958166
59.9013100320623
59.899651673192
59.89880622033993
59.9008878882527
59.9008383305273
59.89871023326321
59.89970485732721
59.901468697032
59.89965326771013
59.8986259441942
59.9009738312285
59.9010010050751
59.898533687193
59.89960535021161
59.90171815048882
59.89964621521219
59.8983436363956
59.90111852635410
59.9012562166080
59.8982428677187
59.8994501454976
59.90213220214053
59.89962679711475
59.8978661987735
59.9013740438251
59.9016992920265
59.89772019939578
59.8991723762583
59.9029042024355
59.8995860054403
59.8969302431538
59.90189175382142
59.90262702572855
59.8965859072782
59.8985349690838
59.904743852657
59.8995030951673
59.8943955189511
59.90335928588644
59.90565494591617
59.0045813060622
59.00754772751448
59.0107612401554
59.0142176031794
59.0179109442594
59.0218338004616
59.0259771701972
59.03033057585436
59.034882136672
59.03961865135795
59.04452568985795
59.0495876936706
59.0547880839809
59.0601093768800
59.0655333048664
59.0710409437853
59.07661284432515
59.0822291671602
59.0878698207996
59.0935146011866
59.0991433320802
59.104736005244
59.1102729194694
59.115734817468
59.1211030196880
59.126359554111
59.13148728115
59.13647001278485
59.14129262503157
59.1459411631211
59.1504029384919
59.1546666170253
59.1587222978766
59.16256158236010
59.1661776324097
59.16956521820999
59.1727207546659
59.17564232645971
59.1783297015198
59.18078433280922
59.18300934841949
59.18500953004148
59.1867912799598
59.188362576801
59.1897329203455
59.1909132657763
59.1919159478375
59.1927545954120
59.1934440371218
59.19400019860200
59.19443999216251
59.19478119960274
59.1950423489926
59.1952425862753
59.1954015425826
59.19553919818318
59.1956757440091
59.1958314417208
59.1960264832813
59.1962808510149
59.19661417912189
59.1970456176086
59.19759369957973
59.1982762128106
59.1991100764945
59.2001112240170
59.2012944925725
59.2026735203893
59.204260652275
59.2060668541415
59.20810163709318
59.2103729916204
59.2128873323410
59.2156494536797
59.2186624967928
59.2219279279665
59.22544552863928
59.22921339711745
59.2332279619720
59.23748400702391
59.2419747077441
59.2466916788164
59.2516250325317
59.2567634476104
59.26209424797
59.26760349091442
59.273276064068
59.2790957904915
59.2850455411318
59.2911073539107
59.297262558583
59.30349190651
59.30977570446885
59.31609395149132
59.32242647791600
59.3287530855531
59.3350536880716
59.34130845060711
59.3474979276241
59.35360319807871
59.35960599694022
59.3654888421622
59.3712351562195
59.3768293813692
59.3822570878341
59.38750507416056
59.3925614590505
59.39741576403458
59.4020589864082
59.4064836619290
59.4106839168359
59.4146555088330
59.4183958567508
59.42190405868064
59.42518089845534
59.42822884043266
59.431052012615
59.4336561782296
59.4360486959493
59.4382384690570
59.44023588388064
59.4420527379400
59.4437021583014
59.4451985107053
59.44655730009815
59.4477950632597
59.44892925427003
59.44997812361060
59.450960591740
59.4518961180207
59.4528045659054
59.4537060653216
59.4546208732062
59.4555692331597
59.45657123519402
59.4576466765463
59.4588149245259
59.4600947823450
59.4615043588655
59.4630609431645
59.4647808847905
59.4666794805396
59.4687708685393
59.47106793037380
59.47358220192937
59.4763237935809
59.4793013202709
59.4825218419678
59.48599081491640
59.4897120540180
59.49368770660315
59.4979182377767
59.50240242743884
59.5071373790014
59.5121185397400
59.5173397326400
59.5227931995155
59.52846965510282
59.53435835175134
59.5404471542651
59.5467226243738
59.5531701142478
59.5597738684083
59.566517133325
59.5733822739412
59.5803508963167
59.58740397553888
59.594521988012
59.6016850472127
59.608873041954
59.61606577622513
59.62324310960515
59.6303850973030
59.6374721288346
59.6444850643824
59.6514053678897
59.65821523596529
59.6648977217042
59.6714368525659
59.6778177414907
59.6840266904839
59.690051285949
59.6958804851108
59.7015046929170
59.70691582890691
59.7121073835588
59.71707446374162
59.72181382694794
59.7263239040733
59.7306048105831
59.73465834598934
59.7384879816413
59.74209883691500
59.74549764396578
59.7486927012898
59.7516938164159
59.75451223812
59.7571605786735
59.75965272654179
59.76200375034482
59.7642297945401
59.7663479676754
59.768376223946
59.7703332388853
59.7722382800461
59.774111073580
59.7759716676328
59.7778402935014
59.7797372255294
59.78168264069796
59.7836964788955
59.78579830483419
59.7880071725699
59.7903414935680
59.7928189092284
59.7954561687567
59.79826901322718
59.8012720666434
59.80447873475204
59.8079011123118
59.8115498994618
59.81543432776900
59.8195620964682
59.82393931933765
59.8285704825777
59.8334584139864
59.8386042636441
59.8440074962430
59.8496658951136
59.8555755779208
59.86173102391979
59.8999994905055
59.8987934420456
59.90053265583025
59.90099823194578
59.8990140294758
59.8994126677761
59.9012715083883
59.9000409478971
59.8986733795426
59.9005456281936
59.90112731465066
59.8989356876018
59.8993054470524
59.90141255765155
59.900093199990
59.89848831794992
59.9005765131909
59.90132219089084
59.89880605158591
59.89914653398539
59.9016373216237
59.90016600299415
59.89819560439883
59.90063450964865
59.9016314182654
59.89858927744345
59.89889269933221
59.9020130238153
59.90028069121850
59.8976978980876
59.900741334913
59.902171413359
59.89819707525009
59.89843376517999
59.90271594885225
59.90049645225429
59.8967195700630
59.9009587798310
59.9033044849351
59.8973450679682
59.89738270919398
59.9043930043895
59.90106375192280
59.89406715534815
59.9015469222195
