1448254800 59.91894328744045
1448254805 59.9208472280025
1448254810 59.8890179095842
1448254815 59.89266119100485
1448254820 59.90902493893645
1448254825 59.9017541535387
1448254830 59.8928951104435
1448254835 59.9013428663700
1448254840 59.90502967565535
1448254845 59.8969668817241
1448254850 59.8970637752743
1448254855 59.9037052920614
1448254860 59.9010090084495
1448254865 59.8964018804993
1448254870 59.9005835471596
1448254875 59.9029264994057
1448254880 59.898281006369
1448254885 59.89809165523984
1448254890 59.9023371137588
1448254895 59.9007590425156
1448254900 59.89755471662484
1448254905 59.90032539251562
1448254910 59.9021137692160
1448254915 59.8988129986941
1448254920 59.8985376392721
1448254925 59.901720984155
1448254930 59.9006406870190
1448254935 59.8981160145885
1448254940 59.9001946719398
1448254945 59.90169403564808
1448254950 59.8990971687239
1448254955 59.8987778190146
1448254960 59.9013777128806
1448254965 59.90057719270869
1448254970 59.89843903520165
1448254975 59.9001141956562
1448254980 59.9014470409617
1448254985 59.8992715506341
1448254990 59.89891997580631
1448254995 59.9011645862542
1448255000 59.9005430360170
1448255005 59.89864111467526
1448255010 59.9000578238148
1448255015 59.90129290759967
1448255020 59.8993877087721
1448255025 59.8990061222603
1448255030 59.9010244518136
1448255035 59.900527686884
1448255040 59.89877195447916
1448255045 59.9000140801254
1448255050 59.9011962455935
1448255055 59.89946920724520
1448255060 59.89905546339214
1448255065 59.9009302813919
1448255070 59.90052645295866
1448255075 59.8988556750932
1448255080 59.8999769106452
1448255085 59.90113963782561
1448255090 59.89952827749796
1448255095 59.8990773400381
1448255100 59.90086801467036
1448255105 59.9005374936815
1448255110 59.898904736318
1448255115 59.8999425344670
1448255120 59.90111436703162
1448255125 59.8995718282429
1448255130 59.8990759399882
1448255135 59.9008300992464
1448255140 59.90056075715461
1448255145 59.8989253447527
1448255150 59.8999081000541
1448255155 59.90111676590423
1448255160 59.8996039699750
1448255165 59.8990520975046
1448255170 59.9008127894347
1448255175 59.9005977168710
1448255180 59.8989196477487
1448255185 59.8998709408308
1448255190 59.90114687530504
1448255195 59.8996271853655
1448255200 59.8990037416999
1448255205 59.9008150621911
1448255210 59.9006516227853
1448255215 59.898886371078
1448255220 59.8998279680817
1448255225 59.9012084150490
1448255230 59.8996428913802
1448255235 59.8989253659439
1448255240 59.9008384682467
1448255245 59.9007283495719
1448255250 59.8988203022009
1448255255 59.8997748958166
1448255260 59.9013100320623
1448255265 59.899651673192
1448255270 59.89880622033993
1448255275 59.9008878882527
1448255280 59.9008383305273
1448255285 59.89871023326321
1448255290 59.89970485732721
1448255295 59.901468697032
1448255300 59.89965326771013
1448255305 59.8986259441942
1448255310 59.9009738312285
1448255315 59.9010010050751
1448255320 59.898533687193
1448255325 59.89960535021161
1448255330 59.90171815048882
1448255335 59.89964621521219
1448255340 59.8983436363956
1448255345 59.90111852635410
1448255350 59.9012562166080
1448255355 59.8982428677187
1448255360 59.8994501454976
1448255365 59.90213220214053
1448255370 59.89962679711475
1448255375 59.8978661987735
1448255380 59.9013740438251
1448255385 59.9016992920265
1448255390 59.89772019939578
1448255395 59.8991723762583
1448255400 59.9029042024355
1448255405 59.8995860054403
1448255410 59.8969302431538
1448255415 59.90189175382142
1448255420 59.90262702572855
1448255425 59.8965859072782
1448255430 59.8985349690838
1448255435 59.904743852657
1448255440 59.8995030951673
1448255445 59.8943955189511
1448255450 59.90335928588644
1448255455 59.90565494591617
1448255460 59.0045813060622
1448255465 59.00754772751448
1448255470 59.0107612401554
1448255475 59.0142176031794
1448255480 59.0179109442594
1448255485 59.0218338004616
1448255490 59.0259771701972
1448255495 59.03033057585436
1448255500 59.034882136672
1448255505 59.03961865135795
1448255510 59.04452568985795
1448255515 59.0495876936706
1448255520 59.0547880839809
1448255525 59.0601093768800
1448255530 59.0655333048664
1448255535 59.0710409437853
1448255540 59.07661284432515
1448255545 59.0822291671602
1448255550 59.0878698207996
1448255555 59.0935146011866
1448255560 59.0991433320802
1448255565 59.104736005244
1448255570 59.1102729194694
1448255575 59.115734817468
1448255580 59.1211030196880
1448255585 59.126359554111
1448255590 59.13148728115
1448255595 59.13647001278485
1448255600 59.14129262503157
1448255605 59.1459411631211
1448255610 59.1504029384919
1448255615 59.1546666170253
1448255620 59.1587222978766
1448255625 59.16256158236010
1448255630 59.1661776324097
1448255635 59.16956521820999
1448255640 59.1727207546659
1448255645 59.17564232645971
1448255650 59.1783297015198
1448255655 59.18078433280922
1448255660 59.18300934841949
1448255665 59.18500953004148
1448255670 59.1867912799598
1448255675 59.188362576801
1448255680 59.1897329203455
1448255685 59.1909132657763
1448255690 59.1919159478375
1448255695 59.1927545954120
1448255700 59.1934440371218
1448255705 59.19400019860200
1448255710 59.19443999216251
1448255715 59.19478119960274
1448255720 59.1950423489926
1448255725 59.1952425862753
1448255730 59.1954015425826
1448255735 59.19553919818318
1448255740 59.1956757440091
1448255745 59.1958314417208
1448255750 59.1960264832813
1448255755 59.1962808510149
1448255760 59.19661417912189
1448255765 59.1970456176086
1448255770 59.19759369957973
1448255775 59.1982762128106
1448255780 59.1991100764945
1448255785 59.2001112240170
1448255790 59.2012944925725
1448255795 59.2026735203893
1448255800 59.204260652275
1448255805 59.2060668541415
1448255810 59.20810163709318
1448255815 59.2103729916204
1448255820 59.2128873323410
1448255825 59.2156494536797
1448255830 59.2186624967928
1448255835 59.2219279279665
1448255840 59.22544552863928
1448255845 59.22921339711745
1448255850 59.2332279619720
1448255855 59.23748400702391
1448255860 59.2419747077441
1448255865 59.2466916788164
1448255870 59.2516250325317
1448255875 59.2567634476104
1448255880 59.26209424797
1448255885 59.26760349091442
1448255890 59.273276064068
1448255895 59.2790957904915
1448255900 59.2850455411318
1448255905 59.2911073539107
1448255910 59.297262558583
1448255915 59.30349190651
1448255920 59.30977570446885
1448255925 59.31609395149132
1448255930 59.32242647791600
1448255935 59.3287530855531
1448255940 59.3350536880716
1448255945 59.34130845060711
1448255950 59.3474979276241
1448255955 59.35360319807871
1448255960 59.35960599694022
1448255965 59.3654888421622
1448255970 59.3712351562195
1448255975 59.3768293813692
1448255980 59.3822570878341
1448255985 59.38750507416056
1448255990 59.3925614590505
1448255995 59.39741576403458
1448256000 59.4020589864082
1448256005 59.4064836619290
1448256010 59.4106839168359
1448256015 59.4146555088330
1448256020 59.4183958567508
1448256025 59.42190405868064
1448256030 59.42518089845534
1448256035 59.42822884043266
1448256040 59.431052012615
1448256045 59.4336561782296
1448256050 59.4360486959493
1448256055 59.4382384690570
1448256060 59.44023588388064
1448256065 59.4420527379400
1448256070 59.4437021583014
1448256075 59.4451985107053
1448256080 59.44655730009815
1448256085 59.4477950632597
1448256090 59.44892925427003
1448256095 59.44997812361060
1448256100 59.450960591740
1448256105 59.4518961180207
1448256110 59.4528045659054
1448256115 59.4537060653216
1448256120 59.4546208732062
1448256125 59.4555692331597
1448256130 59.45657123519402
1448256135 59.4576466765463
1448256140 59.4588149245259
1448256145 59.4600947823450
1448256150 59.4615043588655
1448256155 59.4630609431645
1448256160 59.4647808847905
1448256165 59.4666794805396
1448256170 59.4687708685393
1448256175 59.47106793037380
1448256180 59.47358220192937
1448256185 59.4763237935809
1448256190 59.4793013202709
1448256195 59.4825218419678
1448256200 59.48599081491640
1448256205 59.4897120540180
1448256210 59.49368770660315
1448256215 59.4979182377767
1448256220 59.50240242743884
1448256225 59.5071373790014
1448256230 59.5121185397400
1448256235 59.5173397326400
1448256240 59.5227931995155
1448256245 59.52846965510282
1448256250 59.53435835175134
1448256255 59.5404471542651
1448256260 59.5467226243738
1448256265 59.5531701142478
1448256270 59.5597738684083
1448256275 59.566517133325
1448256280 59.5733822739412
1448256285 59.5803508963167
1448256290 59.58740397553888
1448256295 59.594521988012
1448256300 59.6016850472127
1448256305 59.608873041954
1448256310 59.61606577622513
1448256315 59.62324310960515
1448256320 59.6303850973030
1448256325 59.6374721288346
1448256330 59.6444850643824
1448256335 59.6514053678897
1448256340 59.65821523596529
1448256345 59.6648977217042
1448256350 59.6714368525659
1448256355 59.6778177414907
1448256360 59.6840266904839
1448256365 59.690051285949
1448256370 59.6958804851108
1448256375 59.7015046929170
1448256380 59.70691582890691
1448256385 59.7121073835588
1448256390 59.71707446374162
1448256395 59.72181382694794
1448256400 59.7263239040733
1448256405 59.7306048105831
1448256410 59.73465834598934
1448256415 59.7384879816413
1448256420 59.74209883691500
1448256425 59.74549764396578
1448256430 59.7486927012898
1448256435 59.7516938164159
1448256440 59.75451223812
1448256445 59.7571605786735
1448256450 59.75965272654179
1448256455 59.76200375034482
1448256460 59.7642297945401
1448256465 59.7663479676754
1448256470 59.768376223946
1448256475 59.7703332388853
1448256480 59.7722382800461
1448256485 59.774111073580
1448256490 59.7759716676328
1448256495 59.7778402935014
1448256500 59.7797372255294
1448256505 59.78168264069796
1448256510 59.7836964788955
1448256515 59.78579830483419
1448256520 59.7880071725699
1448256525 59.7903414935680
1448256530 59.7928189092284
1448256535 59.7954561687567
1448256540 59.79826901322718
1448256545 59.8012720666434
1448256550 59.80447873475204
1448256555 59.8079011123118
1448256560 59.8115498994618
1448256565 59.81543432776900
1448256570 59.8195620964682
1448256575 59.82393931933765
1448256580 59.8285704825777
1448256585 59.8334584139864
1448256590 59.8386042636441
1448256595 59.8440074962430
1448256600 59.8496658951136
1448256605 59.8555755779208
1448256610 59.86173102391979
1448256615 59.8999994905055
1448256620 59.8987934420456
1448256625 59.90053265583025
1448256630 59.90099823194578
1448256635 59.8990140294758
1448256640 59.8994126677761
1448256645 59.9012715083883
1448256650 59.9000409478971
1448256655 59.8986733795426
1448256660 59.9005456281936
1448256665 59.90112731465066
1448256670 59.8989356876018
1448256675 59.8993054470524
1448256680 59.90141255765155
1448256685 59.900093199990
1448256690 59.89848831794992
1448256695 59.9005765131909
1448256700 59.90132219089084
1448256705 59.89880605158591
1448256710 59.89914653398539
1448256715 59.9016373216237
1448256720 59.90016600299415
1448256725 59.89819560439883
1448256730 59.90063450964865
1448256735 59.9016314182654
1448256740 59.89858927744345
1448256745 59.89889269933221
1448256750 59.9020130238153
1448256755 59.90028069121850
1448256760 59.8976978980876
1448256765 59.900741334913
1448256770 59.902171413359
1448256775 59.89819707525009
1448256780 59.89843376517999
1448256785 59.90271594885225
1448256790 59.90049645225429
1448256795 59.8967195700630
1448256800 59.9009587798310
1448256805 59.9033044849351
1448256810 59.8973450679682
1448256815 59.89738270919398
1448256820 59.9043930043895
1448256825 59.90106375192280
1448256830 59.89406715534815
1448256835 59.9015469222195
